>> Random Forest Model <<
        Precision:    1.0
        Sensitivity:  0.9463992332968236
        F-Measure:    0.9724615763373544
        Accuracy:     0.9463992332968236
        
-----------------------------------------------

