>> Random Forest Model <<
        Precision:    1.0
        Sensitivity:  0.9478385381153689
        F-Measure:    0.9732208492316309
        Accuracy:     0.9478385381153689
        
-----------------------------------------------

