>> Random Forest Model <<
        Precision:    1.0
        Sensitivity:  0.9475688541312479
        F-Measure:    0.9730786689479382
        Accuracy:     0.9475688541312479
        
-----------------------------------------------

