>> Random Forest Model <<
        Precision:    1.0
        Sensitivity:  0.9464437332636666
        F-Measure:    0.9724850681162338
        Accuracy:     0.9464437332636666
        
-----------------------------------------------

