>> Random Forest Model <<
        Precision:    1.0
        Sensitivity:  0.9508232392833829
        F-Measure:    0.9747917906008328
        Accuracy:     0.9508232392833829
        
-----------------------------------------------

