>> Random Forest Model <<
        Precision:    1.0
        Sensitivity:  0.9480608002181173
        F-Measure:    0.9733379986004198
        Accuracy:     0.9480608002181173
        
-----------------------------------------------

