>> Random Forest Model <<
        Precision:    1.0
        Sensitivity:  0.9567392810407205
        F-Measure:    0.9778914240755311
        Accuracy:     0.9567392810407205
        
-----------------------------------------------

