>> Random Forest Model <<
        Precision:    1.0
        Sensitivity:  0.8141628486456073
        F-Measure:    0.8975631369073993
        Accuracy:     0.8141628486456073
        
-----------------------------------------------

