>> Random Forest Model <<
        Precision:    1.0
        Sensitivity:  0.956193232055301
        F-Measure:    0.9776061141471833
        Accuracy:     0.956193232055301
        
-----------------------------------------------

