>> Random Forest Model <<
        Precision:    0.9740175681923254
        Sensitivity:  0.9906228169165457
        F-Measure:    0.9822500183161161
        Accuracy:     0.9929900334847557
        
-----------------------------------------------

